Exp 1:
1. ResNet18_MNIST_FGSM
mean values: [ 0.1192,  0.1675,  0.0495,  0.0571,  0.1135,  0.0792,  0.1494,  0.0472,
         0.0359,  0.0783,  0.0894,  0.0559,  0.0841,  0.1006,  0.0631,  0.0107,
         0.2080,  0.0053,  0.0152,  0.1410,  0.1513,  0.0538,  0.0344,  0.1854,
         0.0993,  0.1265,  0.1317,  0.0639,  0.0908,  0.0749, -0.0153,  0.0873]
variance values: [0.1273, 0.2387, 0.1544, 0.1053, 0.1757, 0.2359, 0.2436, 0.1197, 0.1040,
        0.1659, 0.1220, 0.1183, 0.1629, 0.1270, 0.0963, 0.0881, 0.1909, 0.0915,
        0.1424, 0.1555, 0.2980, 0.1424, 0.0987, 0.3140, 0.1630, 0.2058, 0.2922,
        0.0947, 0.1435, 0.1129, 0.0630, 0.1271]

2. ResNet18_MNIST_FGSM
mean values: [ 0.1192,  0.1675,  0.0495,  0.0571,  0.1135,  0.0792,  0.1494,  0.0472,
         0.0359,  0.0783,  0.0894,  0.0559,  0.0841,  0.1006,  0.0631,  0.0107,
         0.2080,  0.0053,  0.0152,  0.1410,  0.1513,  0.0538,  0.0344,  0.1854,
         0.0993,  0.1265,  0.1317,  0.0639,  0.0908,  0.0749, -0.0153,  0.0873]
variance values: [0.1273, 0.2387, 0.1544, 0.1053, 0.1757, 0.2359, 0.2436, 0.1197, 0.1040,
        0.1659, 0.1220, 0.1183, 0.1629, 0.1270, 0.0963, 0.0881, 0.1909, 0.0915,
        0.1424, 0.1555, 0.2980, 0.1424, 0.0987, 0.3140, 0.1630, 0.2058, 0.2922,
        0.0947, 0.1435, 0.1129, 0.0630, 0.1271]
3. ResNet18_KMNIST_PGD
mean values: [0.1424, 0.2499, 0.3828, 0.1370, 0.2090, 0.2214, 0.1432, 0.2229, 0.1968,
        0.1611, 0.1650, 0.3151, 0.2787, 0.2103, 0.1576, 0.1509, 0.1821, 0.2863,
        0.1804, 0.2521, 0.2520, 0.2435, 0.1625, 0.2340, 0.3165, 0.3464, 0.1823,
        0.2097, 0.2031, 0.1459, 0.2086, 0.2637]
variance values: [0.1185, 0.3388, 0.4610, 0.2449, 0.1866, 0.1979, 0.2413, 0.2914, 0.1639,
        0.1524, 0.2299, 0.3786, 0.3009, 0.2557, 0.1585, 0.1926, 0.1585, 0.3547,
        0.1673, 0.3626, 0.2090, 0.2198, 0.2904, 0.1861, 0.4711, 0.2649, 0.1548,
        0.3192, 0.2431, 0.1070, 0.3767, 0.2124]
4. ResNet18_KMNIST_FGSM
mean values: [0.2870, 0.1310, 0.2968, 0.1414, 0.2101, 0.2165, 0.1687, 0.4864, 0.0790,
        0.1130, 0.2979, 0.3773, 0.2996, 0.1631, 0.1939, 0.2095, 0.4411, 0.3771,
        0.4448, 0.6760, 0.3626, 0.3064, 0.2803, 0.1169, 0.1724, 0.1498, 0.3089,
        0.6623, 0.2036, 0.1975, 0.5443, 0.2222]
variance values: [0.2638, 0.2365, 0.3296, 0.1552, 0.1946, 0.2741, 0.1929, 0.4893, 0.1549,
        0.1388, 0.2946, 0.3809, 0.3021, 0.1021, 0.1086, 0.1968, 0.3993, 0.3294,
        0.4258, 0.7942, 0.3253, 0.3030, 0.4201, 0.1849, 0.1930, 0.3313, 0.1907,
        0.4734, 0.3422, 0.2875, 0.3861, 0.2253]

Exp 2: ResNet18_MNIST
mean values: [0.0686,  0.1654,  0.0424,  0.0753,  0.2784,  0.1676,  0.2011,  0.1266,
         0.1075,  0.1328,  0.2453,  0.0675,  0.1340,  0.0554,  0.1208,  0.0940,
         0.0591,  0.0656,  0.1270,  0.0561,  0.1835,  0.0760, -0.0473,  0.1320,
         0.0745,  0.0859,  0.0207,  0.0756,  0.2749,  0.3061,  0.1639,  0.1816]
variance values: [0.0971, 0.1527, 0.0793, 0.1159, 0.1832, 0.3407, 0.2437, 0.1573, 0.1442,
        0.2459, 0.2380, 0.1810, 0.1345, 0.2451, 0.1186, 0.1588, 0.0642, 0.1346,
        0.1269, 0.1173, 0.2551, 0.1548, 0.1442, 0.3094, 0.1169, 0.1967, 0.1577,
        0.3389, 0.2686, 0.3134, 0.1208, 0.3046]

Exp 3:
mean values: [ 0.5562,  0.3971,  0.5517,  0.2220,  0.9013,  0.0695,  0.1812, -0.2588,
        -0.3424, -0.1699,  0.0371,  0.2325,  1.0052,  0.3204,  0.9685, -0.0592,
         0.4279, -0.4880, -0.0447, -0.4446,  0.2609, -0.1163,  0.3455,  0.9162,
        -0.0131, -0.0488,  0.6020, -0.2290, -0.0917,  0.4459,  0.7981,  0.6061]
variance values: [3.3095, 2.3132, 3.6915, 2.8579, 2.4966, 3.2550, 3.0301, 6.6404, 4.4306,
        6.8418, 2.6329, 2.5913, 2.2677, 3.4334, 2.9968, 4.2379, 3.8813, 6.7100,
        3.6587, 7.0577, 3.2411, 4.1538, 2.1949, 2.8164, 3.3286, 4.4873, 2.1266,
        2.9644, 3.2269, 2.8239, 3.8973, 2.6909]

Exp4: mean values: [0.0728, 0.0733, 0.0977, 0.2286, 0.1980, 0.0489, 0.0481, 0.1241, 0.1388,
        0.2000, 0.0829, 0.1073, 0.1576, 0.0155, 0.1139, 0.0972, 0.0948, 0.2306,
        0.1142, 0.1268, 0.0558, 0.1293, 0.0567, 0.1071, 0.1186, 0.1470, 0.1356,
        0.1582, 0.1473, 0.2472, 0.0585, 0.0991]
variance values: [0.1183, 0.1186, 0.1991, 0.2963, 0.3322, 0.0998, 0.1763, 0.1554, 0.1926,
        0.3189, 0.1486, 0.1612, 0.1816, 0.1555, 0.1690, 0.1887, 0.1275, 0.3576,
        0.2207, 0.2039, 0.1377, 0.2564, 0.1222, 0.1440, 0.2513, 0.1718, 0.2017,
        0.2085, 0.2469, 0.3574, 0.1176, 0.1804]